1 0.615 0.535 0.11166666666666668 0.14555555555555555
1 0.6716666666666667 0.5305555555555556 0.13333333333333333 0.15
0 0.2916666666666667 0.8961111111111111 0.48833333333333334 0.20555555555555555
0 0.052500000000000005 0.75 0.10500000000000001 0.2288888888888889
3 0.2016666666666667 0.48388888888888887 0.030000000000000002 0.052222222222222225
3 0.4133333333333334 0.48833333333333334 0.035 0.04555555555555556
2 0.21666666666666667 0.7788888888888889 0.315 0.3288888888888889
2 0.3854166666666667 0.7205555555555555 0.18416666666666667 0.22111111111111112
0 0.25458333333333333 0.45166666666666666 0.03916666666666667 0.03888888888888889
0 0.25875000000000004 0.48444444444444446 0.037500000000000006 0.044444444444444446
