0 0.0921875 0.8768518518518519 0.184375 0.2425925925925926
0 0.3296875 0.40925925925925927 0.08020833333333333 0.13333333333333333
0 0.4239583333333333 0.47222222222222227 0.0875 0.15555555555555556
0 0.43124999999999997 0.29444444444444445 0.06666666666666667 0.10370370370370371
2 0.48385416666666664 0.22592592592592595 0.053125 0.0962962962962963
0 0.146875 0.26203703703703707 0.10833333333333334 0.07962962962962963
0 0.31197916666666664 0.22222222222222224 0.051041666666666666 0.07407407407407407
1 0.3854166666666667 0.1712962962962963 0.06666666666666667 0.16111111111111112
1 0.9135416666666667 0.5351851851851852 0.17083333333333334 0.5333333333333333
2 0.8890625 0.1824074074074074 0.04895833333333333 0.07222222222222223
