0 0.049479166666666664 0.5990740740740741 0.09895833333333333 0.13518518518518519
0 0.6723958333333333 0.4675925925925926 0.09479166666666666 0.11296296296296297
0 0.8463541666666666 0.5453703703703704 0.09895833333333333 0.12407407407407407
2 0.8197916666666667 0.4046296296296297 0.06875 0.09444444444444444
0 0.8296875 0.31666666666666665 0.04895833333333333 0.05925925925925926
0 0.9072916666666666 0.2833333333333333 0.035416666666666666 0.044444444444444446
2 0.9166666666666666 0.32037037037037036 0.052083333333333336 0.06296296296296297
0 0.2609375 0.4101851851851852 0.096875 0.07962962962962963
2 0.40625 0.34444444444444444 0.07291666666666667 0.06296296296296297
3 0.40989583333333335 0.32037037037037036 0.07395833333333333 0.05925925925925926
