1 0.16197916666666667 0.3907407407407408 0.290625 0.3592592592592593
0 0.45 0.30648148148148147 0.06875 0.09814814814814815
0 0.46197916666666666 0.22962962962962963 0.053125 0.08518518518518518
0 0.3140625 0.21666666666666667 0.053125 0.07777777777777778
2 0.4270833333333333 0.1953703703703704 0.04375 0.07962962962962963
0 0.4114583333333333 0.1787037037037037 0.041666666666666664 0.061111111111111116
0 0.440625 0.1527777777777778 0.0375 0.0462962962962963
0 0.4557291666666667 0.12037037037037038 0.03229166666666666 0.044444444444444446
2 0.8875 0.17685185185185187 0.05 0.07592592592592592
1 0.9135416666666667 0.5305555555555556 0.17083333333333334 0.5388888888888889
