0 0.366 0.9621578099838969 0.10400000000000001 0.07246376811594203
0 0.546 0.8864734299516909 0.088 0.06924315619967794
2 0.538 0.8075684380032206 0.1 0.06280193236714976
2 0.379 0.8196457326892109 0.11 0.07729468599033816
3 0.558 0.23832528180354268 0.068 0.07407407407407407
3 0.765 0.08293075684380032 0.054 0.05314009661835749
2 0.358 0.6103059581320451 0.092 0.06763285024154589
0 0.397 0.4251207729468599 0.07 0.04508856682769726
0 0.514 0.43156199677938806 0.068 0.04186795491143317
0 0.51 0.6296296296296297 0.07200000000000001 0.05152979066022544
