0 0.13541666666666666 0.8564814814814815 0.20416666666666666 0.2833333333333333
0 0.6328125 0.5240740740740741 0.090625 0.14074074074074075
0 0.38697916666666665 0.5555555555555556 0.10104166666666667 0.1814814814814815
0 0.28489583333333335 0.5037037037037038 0.10520833333333333 0.14814814814814814
1 0.11145833333333333 0.5064814814814815 0.22291666666666665 0.40925925925925927
0 0.29010416666666666 0.3527777777777778 0.071875 0.10185185185185186
0 0.459375 0.32037037037037036 0.06458333333333333 0.10740740740740741
2 0.3875 0.17500000000000002 0.035416666666666666 0.05740740740740741
1 0.4458333333333333 0.06851851851851852 0.035416666666666666 0.05925925925925926
0 0.6140625 0.19444444444444445 0.03854166666666667 0.05555555555555556
