0 0.43562610229276894 0.5330188679245282 0.042328042328042326 0.04245283018867924
0 0.47442680776014107 0.6167452830188679 0.04938271604938271 0.04481132075471698
1 0.7857142857142857 0.5400943396226415 0.07936507936507936 0.08962264150943396
3 0.8015873015873015 0.8915094339622641 0.06525573192239859 0.08018867924528301
2 0.7328042328042328 0.8974056603773585 0.06172839506172839 0.06367924528301887
0 0.5776014109347443 0.6709905660377358 0.05114638447971781 0.04952830188679245
3 0.6375661375661376 0.30660377358490565 0.09700176366843033 0.05660377358490566
1 0.6164021164021164 0.2818396226415094 0.1146384479717813 0.06367924528301887
2 0.9038800705467371 0.8620283018867925 0.06525573192239859 0.07311320754716981
0 0.6349206349206349 0.6191037735849056 0.042328042328042326 0.04481132075471698
