0 0.6312977099236641 0.8181357649442756 0.09618320610687023 0.07801418439716312
0 0.6946564885496184 0.6854103343465046 0.07633587786259542 0.04559270516717326
0 0.849618320610687 0.709726443768997 0.0717557251908397 0.04559270516717326
2 0.9473282442748091 0.7933130699088147 0.10229007633587786 0.05876393110435664
2 0.8030534351145038 0.7578520770010132 0.09770992366412214 0.06281661600810537
3 0.7694656488549618 0.6306990881458967 0.05801526717557252 0.04356636271529889
3 0.8053435114503816 0.6641337386018238 0.06259541984732825 0.04356636271529889
2 0.4908396946564885 0.7006079027355624 0.0717557251908397 0.06180344478216819
0 0.566412213740458 0.6585612968591692 0.11603053435114503 0.04255319148936171
0 0.45190839694656487 0.6474164133738602 0.05801526717557252 0.040526849037487336
