0 0.08385416666666666 0.9037037037037038 0.16770833333333332 0.18888888888888888
0 0.3255208333333333 0.42129629629629634 0.084375 0.1388888888888889
0 0.4223958333333333 0.487962962962963 0.090625 0.1537037037037037
0 0.43124999999999997 0.3027777777777778 0.06666666666666667 0.12037037037037038
2 0.4822916666666667 0.23055555555555557 0.058333333333333334 0.09814814814814815
0 0.15104166666666666 0.26481481481481484 0.10625 0.07777777777777778
0 0.30885416666666665 0.22314814814814815 0.053125 0.07962962962962963
1 0.3854166666666667 0.1712962962962963 0.06666666666666667 0.1574074074074074
2 0.890625 0.17962962962962964 0.04791666666666666 0.07407407407407407
1 0.9135416666666667 0.5277777777777778 0.17083333333333334 0.5222222222222223
