0 0.10885416666666667 0.5046296296296297 0.21770833333333334 0.39814814814814814
0 0.10364583333333333 0.8962962962962964 0.20729166666666665 0.20370370370370372
0 0.37864583333333335 0.587962962962963 0.10729166666666666 0.18703703703703706
0 0.6286458333333333 0.4916666666666667 0.08645833333333333 0.13148148148148148
0 0.2682291666666667 0.5370370370370371 0.109375 0.17407407407407408
0 0.4557291666666667 0.33796296296296297 0.06770833333333333 0.10185185185185186
0 0.6125 0.19351851851851853 0.03958333333333333 0.05740740740740741
0 0.2864583333333333 0.3574074074074074 0.075 0.10740740740740741
0 0.3875 0.3138888888888889 0.05625 0.09444444444444444
2 0.38697916666666665 0.17777777777777778 0.042708333333333334 0.05925925925925926
1 0.44479166666666664 0.07407407407407407 0.035416666666666666 0.06296296296296297
