0 0.05364583333333333 0.5962962962962963 0.10729166666666666 0.14074074074074075
0 0.6359375 0.5055555555555555 0.10729166666666666 0.11851851851851852
0 0.8302083333333333 0.5888888888888889 0.10833333333333334 0.14444444444444446
2 0.8041666666666667 0.4240740740740741 0.06875 0.10370370370370371
2 0.9088541666666666 0.33333333333333337 0.05520833333333333 0.06666666666666667
0 0.8171875 0.33240740740740743 0.053125 0.061111111111111116
0 0.9041666666666667 0.29074074074074074 0.03958333333333333 0.037037037037037035
2 0.4067708333333333 0.3462962962962963 0.07395833333333333 0.05925925925925926
0 0.26145833333333335 0.4101851851851852 0.09583333333333333 0.07962962962962963
3 0.41041666666666665 0.3212962962962963 0.075 0.05740740740740741
