0 0.0515625 0.5990740740740741 0.103125 0.13148148148148148
0 0.6578125 0.47962962962962963 0.096875 0.11481481481481481
0 0.840625 0.5583333333333333 0.10625 0.1277777777777778
2 0.8125 0.4101851851851852 0.07083333333333333 0.10185185185185186
0 0.8255208333333334 0.325 0.051041666666666666 0.05740740740740741
2 0.9130208333333333 0.32685185185185184 0.053125 0.06851851851851852
2 0.40625 0.3453703703703704 0.07291666666666667 0.061111111111111116
3 0.4088541666666667 0.32037037037037036 0.06979166666666667 0.05925925925925926
0 0.9052083333333333 0.28611111111111115 0.041666666666666664 0.04259259259259259
0 0.5260416666666666 0.3 0.04791666666666666 0.044444444444444446
