1 0.15833333333333333 0.40370370370370373 0.2916666666666667 0.37777777777777777
0 0.4484375 0.30833333333333335 0.065625 0.10555555555555556
0 0.46041666666666664 0.23148148148148148 0.052083333333333336 0.08148148148148149
2 0.42864583333333334 0.19166666666666668 0.04895833333333333 0.07592592592592592
0 0.3130208333333333 0.21851851851851853 0.05520833333333333 0.07777777777777778
0 0.4119791666666667 0.17685185185185187 0.04479166666666667 0.05740740740740741
0 0.4380208333333333 0.15185185185185185 0.03854166666666667 0.05925925925925926
0 0.45468749999999997 0.1175925925925926 0.034375 0.0462962962962963
1 0.9130208333333333 0.5361111111111111 0.171875 0.5425925925925926
2 0.8875 0.17592592592592593 0.05 0.07037037037037037
