0 0.0875 0.8944444444444445 0.175 0.20740740740740743
0 0.421875 0.4814814814814815 0.09791666666666667 0.15185185185185185
0 0.3265625 0.4138888888888889 0.08020833333333333 0.13518518518518519
0 0.43072916666666666 0.3 0.065625 0.11481481481481481
2 0.48333333333333334 0.23055555555555557 0.052083333333333336 0.09444444444444444
0 0.15 0.26666666666666666 0.10625 0.07777777777777778
0 0.3109375 0.225 0.05520833333333333 0.07962962962962963
1 0.3833333333333333 0.16944444444444445 0.07083333333333333 0.1537037037037037
1 0.9145833333333333 0.5509259259259259 0.16875 0.5648148148148149
2 0.8911458333333333 0.1824074074074074 0.04895833333333333 0.07222222222222223
