3 0.177734375 0.5578330893118595 0.17578125 0.21961932650073207
2 0.66650390625 0.8462664714494876 0.1982421875 0.26061493411420206
0 0.3896484375 0.7013177159590044 0.15625 0.19912152269399708
0 0.44580078125 0.5980966325036603 0.1416015625 0.1683748169838946
2 0.7236328125 0.6412884333821376 0.19921875 0.2518301610541728
0 0.5244140625 0.45168374816983897 0.125 0.13323572474377746
2 0.56396484375 0.383601756954612 0.1220703125 0.1581259150805271
0 0.7705078125 0.4707174231332357 0.12109375 0.1390922401171303
0 0.25537109375 0.25109809663250365 0.0849609375 0.09224011713030747
2 0.66162109375 0.2225475841874085 0.1083984375 0.14641288433382138
