0 0.38359375 0.8270365997638724 0.1078125 0.15466351829988192
0 0.60078125 0.7916174734356553 0.11406250000000001 0.14521841794569065
0 0.780859375 0.7101534828807555 0.10703125000000001 0.13105076741440377
3 0.7214843750000001 0.5041322314049587 0.11328125 0.1936245572609209
3 0.6410156250000001 0.2744982290436836 0.047656250000000004 0.11452184179456906
0 0.39296875000000003 0.717827626918536 0.10625000000000001 0.1345926800472255
0 0.5703125 0.717827626918536 0.0890625 0.12987012987012986
0 0.044140625 0.4704840613931523 0.07734375 0.09327036599763872
0 0.2609375 0.38252656434474613 0.053125000000000006 0.06139315230224321
0 0.572265625 0.474025974025974 0.06640625 0.08618654073199528
2 0.525390625 0.26033057851239666 0.03359375 0.04604486422668241
2 0.39179687500000004 0.6251475796930342 0.09765625 0.11688311688311688
