1 0.10833333333333334 0.5074074074074074 0.21666666666666667 0.41481481481481486
0 0.10625 0.8851851851851852 0.2125 0.22592592592592595
0 0.3796875 0.5777777777777778 0.10520833333333333 0.18888888888888888
0 0.6276041666666666 0.5 0.08645833333333333 0.13333333333333333
0 0.271875 0.5259259259259259 0.10625 0.17037037037037037
0 0.4557291666666667 0.33240740740740743 0.06770833333333333 0.09814814814814815
0 0.6135416666666667 0.18981481481481483 0.03958333333333333 0.053703703703703705
0 0.3885416666666667 0.3092592592592593 0.058333333333333334 0.0962962962962963
0 0.2869791666666667 0.35462962962962963 0.078125 0.11296296296296297
2 0.3880208333333333 0.17777777777777778 0.03854166666666667 0.05925925925925926
1 0.44479166666666664 0.07037037037037037 0.035416666666666666 0.06666666666666667
0 0.4479166666666667 0.16574074074074074 0.0375 0.05740740740740741
