1 0.11041666666666666 0.5018518518518519 0.22083333333333333 0.40370370370370373
0 0.11562499999999999 0.8787037037037038 0.21041666666666667 0.2388888888888889
0 0.3833333333333333 0.5703703703703704 0.10416666666666667 0.1851851851851852
0 0.6286458333333333 0.5064814814814815 0.090625 0.13518518518518519
0 0.2765625 0.5203703703703704 0.10729166666666666 0.15925925925925927
0 0.4583333333333333 0.32962962962962966 0.06666666666666667 0.10370370370370371
0 0.2895833333333333 0.35370370370370374 0.07291666666666667 0.10370370370370371
0 0.6130208333333333 0.19444444444444445 0.040625 0.05555555555555556
1 0.44375 0.06944444444444445 0.03333333333333333 0.061111111111111116
2 0.3885416666666667 0.17777777777777778 0.035416666666666666 0.06296296296296297
