0 0.08984375 0.7112676056338029 0.1796875 0.18309859154929578
0 0.22734375 0.8333333333333334 0.20468750000000002 0.24413145539906103
0 0.45625000000000004 0.8673708920187794 0.215625 0.24647887323943662
0 0.0734375 0.9084507042253521 0.146875 0.1784037558685446
2 0.057031250000000006 0.7769953051643192 0.11406250000000001 0.20657276995305165
0 0.32890625 0.7417840375586855 0.1703125 0.20187793427230047
0 0.6195312500000001 0.7758215962441315 0.18281250000000002 0.20892018779342725
0 0.62421875 0.6784037558685446 0.1390625 0.15492957746478875
0 0.384375 0.6654929577464789 0.178125 0.20892018779342725
0 0.45078125 0.5938967136150235 0.1390625 0.15492957746478875
0 0.70859375 0.6314553990610329 0.1546875 0.17370892018779344
0 0.7546875000000001 0.5762910798122066 0.13125 0.1572769953051643
0 0.18359375 0.6502347417840376 0.1703125 0.16901408450704225
0 0.08671875000000001 0.5657276995305165 0.1015625 0.13615023474178403
0 0.18671875000000002 0.5551643192488263 0.13593750000000002 0.14788732394366197
0 0.25390625 0.5223004694835681 0.1390625 0.15258215962441316
0 0.11484375000000001 0.46009389671361506 0.1296875 0.13145539906103287
0 0.046875 0.49178403755868544 0.09375 0.13380281690140847
0 0.38984375000000004 0.5387323943661972 0.1390625 0.12441314553990611
0 0.49375 0.5223004694835681 0.109375 0.13380281690140847
2 0.31796875 0.4694835680751174 0.1328125 0.15023474178403756
0 0.8796875000000001 0.5011737089201878 0.10625000000000001 0.13380281690140847
0 0.7734375 0.4366197183098592 0.08750000000000001 0.10328638497652583
0 0.9578125000000001 0.4166666666666667 0.08125 0.11032863849765258
0 0.7351562500000001 0.4084507042253521 0.0859375 0.107981220657277
0 0.7921875 0.3568075117370892 0.06875 0.07511737089201878
0 0.7210937500000001 0.36502347417840375 0.06406250000000001 0.07276995305164319
0 0.69296875 0.34624413145539906 0.0734375 0.07276995305164319
0 0.5296875 0.392018779342723 0.07500000000000001 0.09859154929577466
0 0.5703125 0.3744131455399061 0.08750000000000001 0.1056338028169014
0 0.15078125 0.4366197183098592 0.1078125 0.11267605633802817
0 0.037500000000000006 0.38967136150234744 0.07500000000000001 0.08450704225352113
0 0.1171875 0.3791079812206573 0.096875 0.08685446009389672
0 0.15859375 0.36032863849765256 0.09843750000000001 0.09154929577464789
0 0.24140625000000002 0.3474178403755869 0.1046875 0.07981220657276995
0 0.25 0.4072769953051643 0.109375 0.1056338028169014
0 0.31640625 0.357981220657277 0.0546875 0.07276995305164319
0 0.29453125 0.3145539906103286 0.07968750000000001 0.051643192488262914
2 0.6507812500000001 0.4460093896713615 0.1265625 0.16901408450704225
2 0.859375 0.3779342723004695 0.096875 0.1267605633802817
2 0.7953125000000001 0.5176056338028169 0.12187500000000001 0.1807511737089202
0 0.96875 0.3415492957746479 0.059375000000000004 0.08215962441314555
0 0.8859375 0.3251173708920188 0.06875 0.09154929577464789
0 0.51484375 0.32629107981220656 0.0421875 0.06103286384976526
2 0.55703125 0.29225352112676056 0.0859375 0.08215962441314555
0 0.8289062500000001 0.26173708920187794 0.0671875 0.06338028169014084
2 0.8523437500000001 0.23708920187793428 0.0671875 0.07981220657276995
0 0.89765625 0.23004694835680753 0.0484375 0.06103286384976526
0 0.91015625 0.3086854460093897 0.0703125 0.09624413145539906
0 0.88203125 0.14906103286384978 0.0484375 0.04460093896713615
0 0.9046875000000001 0.1396713615023474 0.040625 0.03990610328638498
2 0.9242187500000001 0.12323943661971831 0.0484375 0.04460093896713615
0 0.9671875000000001 0.14906103286384978 0.043750000000000004 0.04460093896713615
0 0.940625 0.16314553990610328 0.043750000000000004 0.03990610328638498
0 0.971875 0.12441314553990611 0.040625 0.04225352112676056
0 0.98359375 0.09624413145539906 0.029687500000000002 0.03286384976525822
0 0.92578125 0.22183098591549297 0.035937500000000004 0.04929577464788733
0 0.8968750000000001 0.1807511737089202 0.034375 0.03755868544600939
1 0.7578125 0.18427230046948356 0.11875000000000001 0.1431924882629108
1 0.9750000000000001 0.2359154929577465 0.046875 0.1572769953051643
0 0.83515625 0.16549295774647887 0.035937500000000004 0.03990610328638498
3 0.61640625 0.23708920187793428 0.1046875 0.15492957746478875
0 0.6898437500000001 0.2535211267605634 0.045312500000000006 0.056338028169014086
0 0.8539062500000001 0.19248826291079812 0.045312500000000006 0.03755868544600939
3 0.41718750000000004 0.36737089201877937 0.16562500000000002 0.22769953051643194
0 0.93515625 0.28286384976525825 0.0390625 0.06338028169014084
0 0.009375000000000001 0.22887323943661972 0.018750000000000003 0.07276995305164319
0 0.04453125 0.22065727699530516 0.060937500000000006 0.07981220657276995
0 0.09609375 0.2312206572769953 0.0578125 0.06338028169014084
2 0.12812500000000002 0.20305164319248828 0.06875 0.07746478873239437
0 0.11640625 0.23826291079812206 0.0734375 0.04929577464788733
0 0.23984375000000002 0.20422535211267606 0.0421875 0.06103286384976526
0 0.28046875 0.21244131455399062 0.0671875 0.04460093896713615
0 0.30000000000000004 0.1960093896713615 0.0625 0.05868544600938967
0 0.26171875 0.17488262910798122 0.045312500000000006 0.04929577464788733
0 0.325 0.17136150234741784 0.059375000000000004 0.06103286384976526
0 0.36484375 0.1772300469483568 0.051562500000000004 0.0539906103286385
0 0.38828125 0.18896713615023475 0.0703125 0.04460093896713615
0 0.37343750000000003 0.15375586854460094 0.05 0.04460093896713615
0 0.41640625000000003 0.14084507042253522 0.0421875 0.046948356807511735
0 0.43359375 0.17018779342723006 0.0546875 0.05868544600938967
0 0.5015625 0.14788732394366197 0.053125000000000006 0.06103286384976526
0 0.5437500000000001 0.15023474178403756 0.046875 0.04225352112676056
0 0.584375 0.14553990610328638 0.043750000000000004 0.03286384976525822
0 0.521875 0.12323943661971831 0.040625 0.035211267605633804
0 0.63671875 0.13497652582159625 0.045312500000000006 0.035211267605633804
0 0.68125 0.12206572769953052 0.046875 0.046948356807511735
0 0.72578125 0.08568075117370892 0.0421875 0.03990610328638498
0 0.78125 0.0903755868544601 0.037500000000000006 0.03990610328638498
0 0.63828125 0.09507042253521127 0.0390625 0.03990610328638498
0 0.6796875 0.09272300469483569 0.037500000000000006 0.03051643192488263
0 0.6000000000000001 0.11971830985915494 0.034375 0.03755868544600939
0 0.74609375 0.04812206572769953 0.035937500000000004 0.04460093896713615
0 0.5984375000000001 0.09507042253521127 0.037500000000000006 0.03051643192488263
0 0.56875 0.13028169014084506 0.043750000000000004 0.04929577464788733
0 0.55703125 0.1091549295774648 0.0328125 0.035211267605633804
0 0.7820312500000001 0.056338028169014086 0.035937500000000004 0.04225352112676056
0 0.80390625 0.0715962441314554 0.0328125 0.03990610328638498
0 0.8406250000000001 0.08802816901408451 0.040625 0.03051643192488263
1 0.85703125 0.03755868544600939 0.045312500000000006 0.07042253521126761
1 0.91328125 0.024647887323943664 0.035937500000000004 0.04929577464788733
0 0.9375 0.04929577464788733 0.03125 0.03286384976525822
0 0.8929687500000001 0.06338028169014084 0.035937500000000004 0.03286384976525822
0 0.9539062500000001 0.03873239436619719 0.0328125 0.025821596244131457
0 0.97421875 0.029342723004694836 0.029687500000000002 0.03051643192488263
1 0.9609375 0.014084507042253521 0.040625 0.028169014084507043
0 0.83359375 0.023474178403755867 0.0328125 0.04225352112676056
0 0.7890625 0.036384976525821594 0.037500000000000006 0.035211267605633804
0 0.28671875 0.05985915492957747 0.045312500000000006 0.04460093896713615
0 0.33828125000000003 0.015258215962441314 0.0390625 0.03051643192488263
0 0.40625 0.011737089201877934 0.034375 0.023474178403755867
