0 0.050520833333333334 0.600925925925926 0.10104166666666667 0.1425925925925926
0 0.8442708333333333 0.55 0.10104166666666667 0.11851851851851852
0 0.665625 0.47314814814814815 0.09583333333333333 0.11666666666666667
2 0.8145833333333333 0.40740740740740744 0.06875 0.0962962962962963
0 0.828125 0.32407407407407407 0.05 0.05555555555555556
2 0.9151041666666666 0.325 0.05520833333333333 0.05740740740740741
0 0.90625 0.2898148148148148 0.0375 0.0462962962962963
0 0.2604166666666667 0.4101851851851852 0.09375 0.07962962962962963
0 0.40625 0.34814814814814815 0.07291666666666667 0.07037037037037037
3 0.4109375 0.3212962962962963 0.07604166666666666 0.061111111111111116
