0 0.03697916666666667 0.5333333333333333 0.07395833333333333 0.1814814814814815
0 0.14791666666666667 0.36203703703703705 0.09791666666666667 0.13518518518518519
0 0.6067708333333334 0.33240740740740743 0.071875 0.13148148148148148
2 0.7125 0.2990740740740741 0.0875 0.1462962962962963
0 0.8385416666666666 0.6342592592592593 0.15625 0.28703703703703703
0 0.2328125 0.2638888888888889 0.065625 0.08703703703703704
1 0.46875 0.3462962962962963 0.15208333333333332 0.362962962962963
3 0.47239583333333335 0.1388888888888889 0.08854166666666667 0.07037037037037037
0 0.5833333333333334 0.19351851851851853 0.052083333333333336 0.07962962962962963
0 0.5692708333333333 0.14444444444444446 0.040625 0.06666666666666667
