0 0.09583333333333333 0.8638888888888889 0.19166666666666665 0.26851851851851855
0 0.42916666666666664 0.46111111111111114 0.08333333333333333 0.15185185185185185
0 0.325 0.962037037037037 0.1625 0.07222222222222223
1 0.9135416666666667 0.5370370370370371 0.17083333333333334 0.5407407407407407
0 0.3338541666666667 0.4064814814814815 0.07604166666666666 0.1277777777777778
0 0.43385416666666665 0.2972222222222222 0.06145833333333333 0.10185185185185186
0 0.31145833333333334 0.22870370370370371 0.05625 0.08703703703703704
2 0.48593749999999997 0.22592592592592595 0.04895833333333333 0.0925925925925926
1 0.38385416666666666 0.16944444444444445 0.06770833333333333 0.1537037037037037
2 0.8895833333333333 0.18425925925925926 0.052083333333333336 0.07592592592592592
