1 0.18072916666666666 0.39166666666666666 0.2739583333333333 0.3611111111111111
1 0.9135416666666667 0.5296296296296297 0.17083333333333334 0.5407407407407407
0 0.4510416666666667 0.3027777777777778 0.06458333333333333 0.10925925925925926
0 0.4635416666666667 0.23240740740740742 0.05 0.07962962962962963
2 0.42864583333333334 0.19444444444444445 0.04479166666666667 0.08148148148148149
0 0.315625 0.21944444444444444 0.04791666666666666 0.07592592592592592
0 0.41041666666666665 0.17777777777777778 0.03958333333333333 0.05925925925925926
0 0.4380208333333333 0.15092592592592594 0.036458333333333336 0.053703703703703705
0 0.45677083333333335 0.12037037037037038 0.034375 0.044444444444444446
2 0.8885416666666667 0.1787037037037037 0.04791666666666666 0.07592592592592592
