0 0.023487261146496817 0.9283819628647214 0.046974522292993634 0.14058355437665782
0 0.07245222929936306 0.9476127320954907 0.07643312101910829 0.10212201591511935
0 0.16321656050955416 0.9290450928381963 0.07165605095541401 0.13925729442970822
0 0.2157643312101911 0.9290450928381963 0.06847133757961783 0.13925729442970822
0 0.3236464968152866 0.9522546419098142 0.05652866242038217 0.09283819628647215
0 0.41679936305732485 0.9045092838196286 0.043789808917197456 0.13793103448275862
0 0.49800955414012743 0.9515915119363395 0.05015923566878981 0.09416445623342175
0 0.5652866242038217 0.8753315649867374 0.04617834394904459 0.13793103448275862
0 0.6484872611464968 0.9025198938992042 0.05015923566878981 0.1445623342175066
0 0.7022292993630573 0.9496021220159151 0.054140127388535034 0.09814323607427056
0 0.7468152866242038 0.8713527851458885 0.06050955414012739 0.13527851458885942
0 0.802547770700637 0.9880636604774535 0.038216560509554146 0.021220159151193633
0 0.8949044585987261 0.9496021220159151 0.07802547770700638 0.09814323607427056
0 0.9351114649681529 0.8819628647214853 0.08359872611464969 0.14588859416445624
0 0.9856687898089173 0.8992042440318302 0.027070063694267517 0.11140583554376657
0 0.9327229299363058 0.7805039787798408 0.06926751592356688 0.10742705570291777
0 0.8610668789808917 0.7214854111405835 0.06449044585987261 0.11405835543766578
0 0.8347929936305732 0.8302387267904509 0.0660828025477707 0.11936339522546419
0 0.7531847133757962 0.7546419098143236 0.04777070063694268 0.10610079575596816
0 0.03463375796178344 0.7427055702917772 0.06926751592356688 0.10610079575596816
0 0.08240445859872612 0.7924403183023873 0.07245222929936306 0.11273209549071618
0 0.1357484076433121 0.8269230769230769 0.06289808917197452 0.10742705570291777
0 0.2137738853503185 0.8090185676392573 0.06130573248407643 0.11405835543766578
0 0.26831210191082805 0.7884615384615384 0.06050955414012739 0.123342175066313
0 0.35071656050955413 0.7944297082228117 0.045382165605095545 0.11671087533156498
0 0.4359076433121019 0.7586206896551724 0.037420382165605094 0.10875331564986737
0 0.5127388535031847 0.7798408488063661 0.039808917197452234 0.11671087533156498
0 0.5597133757961784 0.6989389920424403 0.03662420382165605 0.09549071618037135
0 0.6130573248407644 0.7705570291777188 0.03662420382165605 0.1273209549071618
0 0.6584394904458599 0.7884615384615384 0.0445859872611465 0.11538461538461538
0 0.6946656050955414 0.7221485411140584 0.0517515923566879 0.11273209549071618
0 0.7826433121019108 0.6942970822281167 0.052547770700636945 0.09946949602122016
0 0.882563694267516 0.6863395225464191 0.0517515923566879 0.09681697612732094
0 0.8968949044585988 0.6173740053050397 0.03423566878980892 0.08090185676392572
0 0.9781050955414013 0.4668435013262599 0.04219745222929937 0.05835543766578249
0 0.9574044585987261 0.39986737400530503 0.04219745222929937 0.03580901856763925
3 0.25 0.3269230769230769 0.03184713375796178 0.04376657824933687
2 0.26234076433121023 0.5318302387267905 0.03423566878980892 0.0636604774535809
2 0.42356687898089174 0.4734748010610079 0.027070063694267517 0.055702917771883284
2 0.7595541401273885 0.38992042440318303 0.028662420382165606 0.042440318302387266
