1 0.0784090909090909 0.5534090909090909 0.1568181818181818 0.17954545454545454
1 0.7977272727272727 0.8204545454545454 0.39999999999999997 0.35454545454545455
3 0.5056818181818181 0.5295454545454545 0.075 0.09999999999999999
2 0.46704545454545454 0.8306818181818182 0.1477272727272727 0.1659090909090909
2 0.2875 0.7477272727272727 0.1568181818181818 0.12727272727272726
0 0.23409090909090907 0.5772727272727273 0.08636363636363636 0.07727272727272727
0 0.3761363636363636 0.6204545454545454 0.09772727272727272 0.07272727272727272
0 0.5068181818181818 0.6522727272727272 0.08181818181818182 0.09090909090909091
0 0.4193181818181818 0.5397727272727273 0.0659090909090909 0.05227272727272727
0 0.4465909090909091 0.509090909090909 0.056818181818181816 0.04090909090909091
0 0.45227272727272727 0.4829545454545454 0.049999999999999996 0.03409090909090909
