3 0.1716666666666667 0.7398477157360406 0.31 0.3426395939086294
3 0.3425 0.8210659898477157 0.275 0.3527918781725888
2 0.7641666666666667 0.6281725888324873 0.15166666666666667 0.19035532994923857
0 0.4675 0.6218274111675126 0.15833333333333335 0.17258883248730963
2 0.5075000000000001 0.3972081218274111 0.095 0.12944162436548223
3 0.24416666666666667 0.4276649746192893 0.095 0.149746192893401
0 0.6766666666666667 0.40609137055837563 0.09000000000000001 0.10152284263959391
2 0.5791666666666667 0.5203045685279187 0.13166666666666668 0.16243654822335024
2 0.8 0.4974619289340101 0.12666666666666668 0.14213197969543145
0 0.3891666666666667 0.515228426395939 0.10500000000000001 0.11675126903553298
