3 0.07200000000000001 0.7935943060498221 0.14400000000000002 0.31316725978647686
3 0.746 0.3558718861209964 0.088 0.14234875444839856
0 0.281 0.889679715302491 0.162 0.21352313167259784
0 0.34 0.6014234875444839 0.12 0.1708185053380783
2 0.85 0.8594306049822064 0.20400000000000001 0.27402135231316727
2 0.8220000000000001 0.3274021352313167 0.076 0.09252669039145907
1 0.6 0.07651245551601422 0.032 0.060498220640569395
3 0.598 0.30071174377224197 0.064 0.11743772241992882
3 0.734 0.23487544483985764 0.064 0.09252669039145907
0 0.51 0.692170818505338 0.124 0.19572953736654802
