0 0.03802083333333333 0.5407407407407407 0.07604166666666666 0.18888888888888888
0 0.15 0.3592592592592593 0.09583333333333333 0.12222222222222223
0 0.8468749999999999 0.6527777777777778 0.16458333333333333 0.29444444444444445
0 0.6078125 0.33611111111111114 0.078125 0.1277777777777778
2 0.7171875 0.30462962962962964 0.08854166666666667 0.1462962962962963
1 0.4692708333333333 0.3472222222222222 0.153125 0.3611111111111111
3 0.4739583333333333 0.14166666666666666 0.0875 0.07222222222222223
0 0.23333333333333334 0.26203703703703707 0.07291666666666667 0.09074074074074075
0 0.5838541666666667 0.1962962962962963 0.051041666666666666 0.08888888888888889
0 0.5697916666666667 0.14537037037037037 0.04375 0.061111111111111116
