0 0.6135416666666667 0.19074074074074074 0.041666666666666664 0.05185185185185186
0 0.63125 0.5120370370370371 0.09166666666666666 0.13148148148148148
0 0.12343749999999999 0.8685185185185186 0.203125 0.25925925925925924
0 0.384375 0.5574074074074075 0.10416666666666667 0.1814814814814815
0 0.28125 0.5092592592592593 0.10208333333333333 0.15185185185185185
1 0.11041666666666666 0.49444444444444446 0.22083333333333333 0.4
0 0.2875 0.35370370370370374 0.06875 0.10740740740740741
0 0.4588541666666667 0.325 0.065625 0.10185185185185186
2 0.3885416666666667 0.17685185185185187 0.0375 0.061111111111111116
0 0.44427083333333334 0.06574074074074074 0.036458333333333336 0.06481481481481481
1 0.44427083333333334 0.06574074074074074 0.036458333333333336 0.06481481481481481
