1 0.08068181818181817 0.5556818181818182 0.1568181818181818 0.17954545454545454
1 0.7999999999999999 0.8227272727272726 0.39999999999999997 0.35454545454545455
3 0.5079545454545454 0.5318181818181817 0.075 0.09999999999999999
2 0.4693181818181818 0.8329545454545454 0.1477272727272727 0.1659090909090909
2 0.28977272727272724 0.75 0.1568181818181818 0.12727272727272726
0 0.23636363636363636 0.5795454545454545 0.08636363636363636 0.07727272727272727
0 0.3784090909090909 0.6227272727272727 0.09772727272727272 0.07272727272727272
0 0.509090909090909 0.6545454545454545 0.08181818181818182 0.09090909090909091
0 0.42159090909090907 0.5420454545454545 0.0659090909090909 0.05227272727272727
0 0.44886363636363635 0.5113636363636364 0.056818181818181816 0.04090909090909091
0 0.45454545454545453 0.48522727272727273 0.049999999999999996 0.03409090909090909
