0 0.03802083333333333 0.5351851851851852 0.07395833333333333 0.1814814814814815
0 0.14895833333333333 0.36388888888888893 0.09791666666666667 0.13518518518518519
0 0.6078125 0.33425925925925926 0.071875 0.13148148148148148
2 0.7135416666666666 0.30092592592592593 0.0875 0.1462962962962963
0 0.8395833333333333 0.6361111111111112 0.15625 0.28703703703703703
0 0.23385416666666667 0.2657407407407408 0.065625 0.08703703703703704
1 0.46979166666666666 0.34814814814814815 0.15208333333333332 0.362962962962963
3 0.4734375 0.14074074074074075 0.08854166666666667 0.07037037037037037
0 0.584375 0.1953703703703704 0.052083333333333336 0.07962962962962963
0 0.5703125 0.1462962962962963 0.040625 0.06666666666666667
