4 0.21979166666666666 0.6157407407407408 0.23333333333333334 0.4277777777777778
1 0.16354166666666667 0.38981481481481484 0.2895833333333333 0.3574074074074074
0 0.4505208333333333 0.30648148148148147 0.06770833333333333 0.10555555555555556
0 0.46510416666666665 0.23240740740740742 0.04895833333333333 0.08333333333333334
1 0.9145833333333333 0.5342592592592593 0.17083333333333334 0.5314814814814816
0 0.31354166666666666 0.21666666666666667 0.052083333333333336 0.07407407407407407
2 0.4302083333333333 0.19814814814814816 0.04791666666666666 0.08148148148148149
0 0.4109375 0.1787037037037037 0.03854166666666667 0.053703703703703705
2 0.8890625 0.17685185185185187 0.05520833333333333 0.07592592592592592
0 0.440625 0.1527777777777778 0.03958333333333333 0.061111111111111116
