0 0.053125 0.5981481481481482 0.10416666666666667 0.13333333333333333
4 0.3651041666666667 0.45092592592592595 0.11354166666666667 0.10555555555555556
0 0.2604166666666667 0.41203703703703703 0.09166666666666666 0.07962962962962963
0 0.6510416666666666 0.48703703703703705 0.10208333333333333 0.11111111111111112
0 0.8385416666666666 0.5740740740740741 0.10208333333333333 0.14074074074074075
2 0.8119791666666667 0.41574074074074074 0.06979166666666667 0.10185185185185186
2 0.9125 0.33055555555555555 0.052083333333333336 0.06851851851851852
2 0.4067708333333333 0.3490740740740741 0.071875 0.06481481481481481
3 0.4109375 0.32037037037037036 0.071875 0.05555555555555556
0 0.8239583333333333 0.32592592592592595 0.052083333333333336 0.05555555555555556
