1 0.05908203125 0.7037760416666666 0.1162109375 0.2903645833333333
1 0.10986328125 0.5540364583333333 0.1181640625 0.15755208333333331
0 0.2431640625 0.90625 0.10546875 0.1875
0 0.40087890625 0.8658854166666666 0.0986328125 0.17708333333333331
4 0.81494140625 0.8684895833333333 0.2783203125 0.2630208333333333
4 0.89990234375 0.861328125 0.2001953125 0.27734375
2 0.65771484375 0.7630208333333333 0.1162109375 0.1796875
2 0.36474609375 0.45182291666666663 0.0400390625 0.0546875
3 0.490234375 0.533203125 0.06640625 0.07942708333333333
3 0.46240234375 0.43424479166666663 0.0537109375 0.07942708333333333
