1 0.11145833333333333 0.5037037037037038 0.22083333333333333 0.40370370370370373
0 0.11666666666666667 0.8805555555555555 0.21041666666666667 0.2388888888888889
0 0.384375 0.5722222222222223 0.10416666666666667 0.1851851851851852
0 0.6296875 0.5083333333333333 0.090625 0.13518518518518519
0 0.27760416666666665 0.5222222222222223 0.10729166666666666 0.15925925925925927
0 0.459375 0.3314814814814815 0.06666666666666667 0.10370370370370371
0 0.290625 0.35555555555555557 0.07291666666666667 0.10370370370370371
0 0.6140625 0.1962962962962963 0.040625 0.05555555555555556
1 0.44479166666666664 0.0712962962962963 0.03333333333333333 0.061111111111111116
2 0.38958333333333334 0.17962962962962964 0.035416666666666666 0.06296296296296297
