0 0.09140625000000001 0.7136150234741784 0.1796875 0.18309859154929578
0 0.22890625 0.835680751173709 0.20468750000000002 0.24413145539906103
0 0.4578125 0.869718309859155 0.215625 0.24647887323943662
0 0.07500000000000001 0.9107981220657277 0.146875 0.1784037558685446
2 0.05859375 0.7793427230046949 0.11406250000000001 0.20657276995305165
0 0.33046875000000003 0.744131455399061 0.1703125 0.20187793427230047
0 0.62109375 0.778169014084507 0.18281250000000002 0.20892018779342725
0 0.6257812500000001 0.6807511737089202 0.1390625 0.15492957746478875
0 0.38593750000000004 0.6678403755868545 0.178125 0.20892018779342725
0 0.45234375000000004 0.5962441314553991 0.1390625 0.15492957746478875
0 0.71015625 0.6338028169014085 0.1546875 0.17370892018779344
0 0.7562500000000001 0.5786384976525821 0.13125 0.1572769953051643
0 0.18515625000000002 0.6525821596244131 0.1703125 0.16901408450704225
0 0.08828125 0.568075117370892 0.1015625 0.13615023474178403
0 0.18828125 0.5575117370892019 0.13593750000000002 0.14788732394366197
0 0.25546875 0.5246478873239436 0.1390625 0.15258215962441316
0 0.11640625 0.4624413145539906 0.1296875 0.13145539906103287
0 0.0484375 0.49413145539906106 0.09375 0.13380281690140847
4 0.037500000000000006 0.5774647887323944 0.07187500000000001 0.17370892018779344
0 0.39140625 0.5410798122065728 0.1390625 0.12441314553990611
0 0.49531250000000004 0.5246478873239436 0.109375 0.13380281690140847
4 0.609375 0.5293427230046949 0.134375 0.18544600938967137
2 0.31953125000000004 0.471830985915493 0.1328125 0.15023474178403756
0 0.8812500000000001 0.5035211267605634 0.10625000000000001 0.13380281690140847
0 0.775 0.43896713615023475 0.08750000000000001 0.10328638497652583
0 0.9593750000000001 0.41901408450704225 0.08125 0.11032863849765258
0 0.7367187500000001 0.4107981220657277 0.0859375 0.107981220657277
0 0.7937500000000001 0.3591549295774648 0.06875 0.07511737089201878
0 0.72265625 0.36737089201877937 0.06406250000000001 0.07276995305164319
0 0.69453125 0.3485915492957747 0.0734375 0.07276995305164319
0 0.53125 0.3943661971830986 0.07500000000000001 0.09859154929577466
0 0.571875 0.3767605633802817 0.08750000000000001 0.1056338028169014
0 0.15234375 0.43896713615023475 0.1078125 0.11267605633802817
0 0.0390625 0.392018779342723 0.07500000000000001 0.08450704225352113
0 0.11875000000000001 0.3814553990610329 0.096875 0.08685446009389672
0 0.16015625 0.3626760563380282 0.09843750000000001 0.09154929577464789
0 0.24296875 0.34976525821596244 0.1046875 0.07981220657276995
0 0.2515625 0.40962441314553993 0.109375 0.1056338028169014
0 0.31796875 0.36032863849765256 0.0546875 0.07276995305164319
0 0.29609375 0.31690140845070425 0.07968750000000001 0.051643192488262914
2 0.65234375 0.4483568075117371 0.1265625 0.16901408450704225
2 0.8609375 0.38028169014084506 0.096875 0.1267605633802817
2 0.796875 0.5199530516431925 0.12187500000000001 0.1807511737089202
0 0.9703125 0.3438967136150235 0.059375000000000004 0.08215962441314555
0 0.8875000000000001 0.3274647887323944 0.06875 0.09154929577464789
4 0.7898437500000001 0.318075117370892 0.0859375 0.09154929577464789
4 0.7312500000000001 0.29107981220657275 0.065625 0.08450704225352113
4 0.6429687500000001 0.318075117370892 0.0734375 0.10093896713615023
0 0.5164062500000001 0.3286384976525822 0.0421875 0.06103286384976526
2 0.55859375 0.2946009389671362 0.0859375 0.08215962441314555
4 0.52890625 0.2546948356807512 0.07968750000000001 0.09624413145539906
0 0.8304687500000001 0.2640845070422535 0.0671875 0.06338028169014084
2 0.8539062500000001 0.23943661971830987 0.0671875 0.07981220657276995
0 0.8992187500000001 0.2323943661971831 0.0484375 0.06103286384976526
0 0.91171875 0.31103286384976525 0.0703125 0.09624413145539906
0 0.8835937500000001 0.15140845070422534 0.0484375 0.04460093896713615
0 0.90625 0.142018779342723 0.040625 0.03990610328638498
2 0.92578125 0.1255868544600939 0.0484375 0.04460093896713615
0 0.96875 0.15140845070422534 0.043750000000000004 0.04460093896713615
0 0.9421875000000001 0.16549295774647887 0.043750000000000004 0.03990610328638498
0 0.9734375000000001 0.1267605633802817 0.040625 0.04225352112676056
0 0.9851562500000001 0.09859154929577466 0.029687500000000002 0.03286384976525822
0 0.92734375 0.22417840375586856 0.035937500000000004 0.04929577464788733
0 0.8984375 0.18309859154929578 0.034375 0.03755868544600939
1 0.759375 0.18661971830985916 0.11875000000000001 0.1431924882629108
1 0.9765625 0.23826291079812206 0.046875 0.1572769953051643
0 0.8367187500000001 0.16784037558685447 0.035937500000000004 0.03990610328638498
3 0.6179687500000001 0.23943661971830987 0.1046875 0.15492957746478875
0 0.69140625 0.255868544600939 0.045312500000000006 0.056338028169014086
0 0.85546875 0.19483568075117372 0.045312500000000006 0.03755868544600939
3 0.41875 0.36971830985915494 0.16562500000000002 0.22769953051643194
0 0.93671875 0.2852112676056338 0.0390625 0.06338028169014084
0 0.010937500000000001 0.2312206572769953 0.018750000000000003 0.07276995305164319
0 0.04609375 0.22300469483568075 0.060937500000000006 0.07981220657276995
0 0.09765625 0.2335680751173709 0.0578125 0.06338028169014084
2 0.1296875 0.20539906103286384 0.06875 0.07746478873239437
4 0.203125 0.20187793427230047 0.078125 0.07981220657276995
0 0.11796875000000001 0.24061032863849766 0.0734375 0.04929577464788733
0 0.24140625000000002 0.20657276995305165 0.0421875 0.06103286384976526
0 0.28203125 0.2147887323943662 0.0671875 0.04460093896713615
0 0.3015625 0.1983568075117371 0.0625 0.05868544600938967
0 0.26328125 0.1772300469483568 0.045312500000000006 0.04929577464788733
0 0.32656250000000003 0.17370892018779344 0.059375000000000004 0.06103286384976526
0 0.36640625000000004 0.1795774647887324 0.051562500000000004 0.0539906103286385
0 0.38984375000000004 0.19131455399061034 0.0703125 0.04460093896713615
0 0.375 0.15610328638497653 0.05 0.04460093896713615
0 0.41796875 0.1431924882629108 0.0421875 0.046948356807511735
0 0.43515625 0.17253521126760563 0.0546875 0.05868544600938967
0 0.503125 0.15023474178403756 0.053125000000000006 0.06103286384976526
0 0.5453125 0.15258215962441316 0.046875 0.04225352112676056
0 0.5859375 0.14788732394366197 0.043750000000000004 0.03286384976525822
0 0.5234375 0.1255868544600939 0.040625 0.035211267605633804
0 0.63828125 0.13732394366197184 0.045312500000000006 0.035211267605633804
0 0.6828125 0.12441314553990611 0.046875 0.046948356807511735
0 0.7273437500000001 0.08802816901408451 0.0421875 0.03990610328638498
0 0.7828125 0.09272300469483569 0.037500000000000006 0.03990610328638498
0 0.63984375 0.09741784037558686 0.0390625 0.03990610328638498
0 0.68125 0.09507042253521127 0.037500000000000006 0.03051643192488263
0 0.6015625 0.12206572769953052 0.034375 0.03755868544600939
0 0.74765625 0.05046948356807512 0.035937500000000004 0.04460093896713615
0 0.6000000000000001 0.09741784037558686 0.037500000000000006 0.03051643192488263
0 0.5703125 0.13262910798122066 0.043750000000000004 0.04929577464788733
0 0.55859375 0.11150234741784038 0.0328125 0.035211267605633804
0 0.7835937500000001 0.05868544600938967 0.035937500000000004 0.04225352112676056
0 0.8054687500000001 0.07394366197183098 0.0328125 0.03990610328638498
0 0.8421875000000001 0.0903755868544601 0.040625 0.03051643192488263
1 0.85859375 0.03990610328638498 0.045312500000000006 0.07042253521126761
1 0.9148437500000001 0.02699530516431925 0.035937500000000004 0.04929577464788733
0 0.9390625 0.051643192488262914 0.03125 0.03286384976525822
0 0.89453125 0.06572769953051644 0.035937500000000004 0.03286384976525822
0 0.9554687500000001 0.04107981220657277 0.0328125 0.025821596244131457
0 0.97578125 0.03169014084507042 0.029687500000000002 0.03051643192488263
1 0.9625 0.01643192488262911 0.040625 0.028169014084507043
0 0.83515625 0.025821596244131457 0.0328125 0.04225352112676056
0 0.790625 0.03873239436619719 0.037500000000000006 0.035211267605633804
0 0.28828125 0.062206572769953054 0.045312500000000006 0.04460093896713615
0 0.33984375 0.017605633802816902 0.0390625 0.03051643192488263
0 0.4078125 0.014084507042253521 0.034375 0.023474178403755867
