4 0.20885416666666667 0.6314814814814815 0.23854166666666665 0.43703703703703706
1 0.159375 0.40555555555555556 0.2916666666666667 0.37777777777777777
0 0.44947916666666665 0.3101851851851852 0.065625 0.10555555555555556
0 0.4614583333333333 0.23333333333333334 0.052083333333333336 0.08148148148148149
2 0.4296875 0.19351851851851853 0.04895833333333333 0.07592592592592592
0 0.3140625 0.22037037037037038 0.05520833333333333 0.07777777777777778
0 0.41302083333333334 0.1787037037037037 0.04479166666666667 0.05740740740740741
0 0.43906249999999997 0.1537037037037037 0.03854166666666667 0.05925925925925926
0 0.4557291666666667 0.11944444444444445 0.034375 0.0462962962962963
1 0.9140625 0.537962962962963 0.171875 0.5425925925925926
2 0.8885416666666667 0.17777777777777778 0.05 0.07037037037037037
