0 0.096875 0.8657407407407408 0.19166666666666665 0.26851851851851855
0 0.4302083333333333 0.46296296296296297 0.08333333333333333 0.15185185185185185
0 0.3260416666666667 0.9638888888888889 0.1625 0.07222222222222223
1 0.9145833333333333 0.5388888888888889 0.17083333333333334 0.5407407407407407
0 0.33489583333333334 0.4083333333333333 0.07604166666666666 0.1277777777777778
0 0.4348958333333333 0.2990740740740741 0.06145833333333333 0.10185185185185186
0 0.3125 0.23055555555555557 0.05625 0.08703703703703704
2 0.4869791666666667 0.22777777777777777 0.04895833333333333 0.0925925925925926
4 0.4583333333333333 0.1638888888888889 0.05625 0.10185185185185186
1 0.3848958333333333 0.1712962962962963 0.06770833333333333 0.1537037037037037
2 0.890625 0.18611111111111112 0.052083333333333336 0.07592592592592592
