0 0.08489583333333334 0.9055555555555556 0.16770833333333332 0.18888888888888888
0 0.3265625 0.42314814814814816 0.084375 0.1388888888888889
0 0.42343749999999997 0.4898148148148148 0.090625 0.1537037037037037
0 0.4322916666666667 0.30462962962962964 0.06666666666666667 0.12037037037037038
2 0.48333333333333334 0.23240740740740742 0.058333333333333334 0.09814814814814815
0 0.15208333333333332 0.26666666666666666 0.10625 0.07777777777777778
0 0.3098958333333333 0.225 0.053125 0.07962962962962963
1 0.38645833333333335 0.17314814814814816 0.06666666666666667 0.1574074074074074
4 0.459375 0.16944444444444445 0.058333333333333334 0.12037037037037038
2 0.8916666666666666 0.1814814814814815 0.04791666666666666 0.07407407407407407
1 0.9145833333333333 0.5296296296296297 0.17083333333333334 0.5222222222222223
