3 0.21870503597122304 0.8300589390962672 0.1697841726618705 0.21021611001964635
3 0.4431654676258993 0.537328094302554 0.10359712230215827 0.13163064833005894
3 0.941726618705036 0.44204322200392926 0.07625899280575539 0.10609037328094302
0 0.7302158273381295 0.6768172888015717 0.10503597122302158 0.11198428290766207
0 0.7827338129496403 0.5943025540275049 0.09496402877697842 0.11198428290766207
4 0.8093525179856115 0.349705304518664 0.06762589928057554 0.10609037328094302
4 0.8158273381294964 0.23575638506876226 0.05467625899280576 0.0943025540275049
2 0.45179856115107914 0.6738703339882122 0.13237410071942446 0.15324165029469547
0 0.5971223021582734 0.5333988212180746 0.08920863309352518 0.10019646365422397
2 0.6402877697841727 0.7573673870333988 0.1381294964028777 0.1630648330058939
