0 0.40636363636363637 0.860655737704918 0.15818181818181817 0.2786885245901639
0 0.21454545454545454 0.8142076502732241 0.20363636363636364 0.36065573770491804
4 0.11545454545454545 0.5628415300546448 0.22727272727272727 0.4207650273224044
1 0.9009090909090909 0.4207650273224044 0.19818181818181818 0.3333333333333333
1 0.6118181818181818 0.23633879781420766 0.08181818181818182 0.1284153005464481
3 0.6918181818181818 0.3948087431693989 0.12545454545454546 0.21584699453551912
3 0.7636363636363637 0.6297814207650273 0.16363636363636364 0.2540983606557377
4 0.8681818181818182 0.8702185792349727 0.2018181818181818 0.25956284153005466
2 0.5645454545454546 0.3401639344262295 0.07090909090909091 0.10109289617486339
0 0.4390909090909091 0.4672131147540984 0.07818181818181819 0.14754098360655737
