0 0.10989583333333333 0.5064814814814815 0.21770833333333334 0.39814814814814814
0 0.1046875 0.8981481481481481 0.20729166666666665 0.20370370370370372
0 0.3796875 0.5898148148148148 0.10729166666666666 0.18703703703703706
0 0.6296875 0.4935185185185185 0.08645833333333333 0.13148148148148148
0 0.26927083333333335 0.5388888888888889 0.109375 0.17407407407407408
0 0.45677083333333335 0.33981481481481485 0.06770833333333333 0.10185185185185186
0 0.6135416666666667 0.1953703703703704 0.03958333333333333 0.05740740740740741
0 0.2875 0.3592592592592593 0.075 0.10740740740740741
0 0.3885416666666667 0.31574074074074077 0.05625 0.09444444444444444
2 0.3880208333333333 0.17962962962962964 0.042708333333333334 0.05925925925925926
1 0.4458333333333333 0.07592592592592592 0.035416666666666666 0.06296296296296297
