0 0.29322916666666665 0.6231481481481481 0.14270833333333333 0.2796296296296296
1 0.20625 0.3805555555555556 0.28541666666666665 0.4314814814814815
0 0.4713541666666667 0.1953703703703704 0.04895833333333333 0.08333333333333334
0 0.39791666666666664 0.16203703703703703 0.035416666666666666 0.06851851851851852
0 0.35 0.11574074074074074 0.041666666666666664 0.03888888888888889
0 0.40729166666666666 0.10833333333333334 0.03958333333333333 0.04259259259259259
4 0.31666666666666665 0.08240740740740742 0.041666666666666664 0.053703703703703705
0 0.4552083333333333 0.04537037037037037 0.022916666666666665 0.03518518518518519
0 0.48385416666666664 0.06666666666666667 0.02395833333333333 0.03333333333333333
0 0.5057291666666667 0.03981481481481482 0.021875 0.03888888888888889
