0 0.02428343949044586 0.9297082228116711 0.046974522292993634 0.14058355437665782
0 0.0732484076433121 0.9489389920424403 0.07643312101910829 0.10212201591511935
0 0.1640127388535032 0.9303713527851458 0.07165605095541401 0.13925729442970822
0 0.21656050955414013 0.9303713527851458 0.06847133757961783 0.13925729442970822
0 0.3244426751592357 0.9535809018567639 0.05652866242038217 0.09283819628647215
0 0.4175955414012739 0.9058355437665782 0.043789808917197456 0.13793103448275862
0 0.49880573248407645 0.9529177718832891 0.05015923566878981 0.09416445623342175
0 0.5660828025477708 0.8766578249336869 0.04617834394904459 0.13793103448275862
0 0.6492834394904459 0.9038461538461539 0.05015923566878981 0.1445623342175066
0 0.7030254777070064 0.9509283819628647 0.054140127388535034 0.09814323607427056
0 0.7476114649681529 0.8726790450928381 0.06050955414012739 0.13527851458885942
0 0.8033439490445861 0.9893899204244031 0.038216560509554146 0.021220159151193633
0 0.8957006369426752 0.9509283819628647 0.07802547770700638 0.09814323607427056
0 0.935907643312102 0.883289124668435 0.08359872611464969 0.14588859416445624
0 0.9864649681528663 0.9005305039787798 0.027070063694267517 0.11140583554376657
0 0.9335191082802549 0.7818302387267904 0.06926751592356688 0.10742705570291777
0 0.8618630573248408 0.7228116710875331 0.06449044585987261 0.11405835543766578
0 0.8355891719745223 0.8315649867374005 0.0660828025477707 0.11936339522546419
0 0.7539808917197452 0.7559681697612731 0.04777070063694268 0.10610079575596816
0 0.03542993630573248 0.7440318302387268 0.06926751592356688 0.10610079575596816
0 0.08320063694267517 0.7937665782493368 0.07245222929936306 0.11273209549071618
0 0.13654458598726116 0.8282493368700264 0.06289808917197452 0.10742705570291777
0 0.21457006369426754 0.8103448275862069 0.06130573248407643 0.11405835543766578
0 0.26910828025477707 0.789787798408488 0.06050955414012739 0.123342175066313
0 0.3515127388535032 0.7957559681697612 0.045382165605095545 0.11671087533156498
0 0.436703821656051 0.759946949602122 0.037420382165605094 0.10875331564986737
0 0.5135350318471338 0.7811671087533156 0.039808917197452234 0.11671087533156498
0 0.5605095541401274 0.7002652519893899 0.03662420382165605 0.09549071618037135
0 0.6138535031847134 0.7718832891246684 0.03662420382165605 0.1273209549071618
0 0.659235668789809 0.789787798408488 0.0445859872611465 0.11538461538461538
0 0.6954617834394905 0.7234748010610079 0.0517515923566879 0.11273209549071618
0 0.7834394904458599 0.6956233421750663 0.052547770700636945 0.09946949602122016
0 0.883359872611465 0.6876657824933686 0.0517515923566879 0.09681697612732094
0 0.8976910828025478 0.6187002652519894 0.03423566878980892 0.08090185676392572
0 0.9789012738853504 0.46816976127320953 0.04219745222929937 0.05835543766578249
0 0.9582006369426752 0.4011936339522546 0.04219745222929937 0.03580901856763925
4 0.19347133757961785 0.49005305039787794 0.04617834394904459 0.07029177718832891
4 0.2428343949044586 0.47944297082228116 0.039808917197452234 0.07029177718832891
3 0.25079617834394907 0.3282493368700265 0.03184713375796178 0.04376657824933687
2 0.26313694267515925 0.53315649867374 0.03423566878980892 0.0636604774535809
2 0.4243630573248408 0.47480106100795755 0.027070063694267517 0.055702917771883284
2 0.7603503184713376 0.3912466843501326 0.028662420382165606 0.042440318302387266
4 0.3746019108280255 0.689655172413793 0.037420382165605094 0.09549071618037135
4 0.5059713375796179 0.6637931034482758 0.02945859872611465 0.08620689655172413
