0 0.12375 0.9550000000000001 0.2425 0.09000000000000001
0 0.155 0.8691666666666668 0.245 0.12166666666666667
3 0.71 0.9450000000000001 0.39 0.11
3 0.31125 0.42333333333333334 0.0725 0.04666666666666667
1 0.6025 0.4966666666666667 0.11 0.1
2 0.41375 0.4891666666666667 0.08750000000000001 0.055
2 0.41375 0.40750000000000003 0.0625 0.04166666666666667
1 0.02625 0.3458333333333334 0.0475 0.058333333333333334
0 0.485 0.7033333333333334 0.155 0.08
0 0.54875 0.7683333333333334 0.1875 0.09000000000000001
