0 0.050520833333333334 0.600925925925926 0.09895833333333333 0.13518518518518519
4 0.35572916666666665 0.45555555555555555 0.11354166666666667 0.11111111111111112
0 0.6734375 0.46944444444444444 0.09479166666666666 0.11296296296296297
0 0.8473958333333333 0.5472222222222223 0.09895833333333333 0.12407407407407407
2 0.8208333333333333 0.4064814814814815 0.06875 0.09444444444444444
0 0.8307291666666666 0.31851851851851853 0.04895833333333333 0.05925925925925926
0 0.9083333333333333 0.2851851851851852 0.035416666666666666 0.044444444444444446
2 0.9177083333333333 0.32222222222222224 0.052083333333333336 0.06296296296296297
0 0.26197916666666665 0.41203703703703703 0.096875 0.07962962962962963
2 0.40729166666666666 0.3462962962962963 0.07291666666666667 0.06296296296296297
3 0.4109375 0.32222222222222224 0.07395833333333333 0.05925925925925926
