1 0.18177083333333333 0.39351851851851855 0.2739583333333333 0.3611111111111111
4 0.22291666666666665 0.6055555555555556 0.22708333333333333 0.41481481481481486
1 0.9145833333333333 0.5314814814814816 0.17083333333333334 0.5407407407407407
0 0.45208333333333334 0.30462962962962964 0.06458333333333333 0.10925925925925926
0 0.46458333333333335 0.23425925925925928 0.05 0.07962962962962963
2 0.4296875 0.1962962962962963 0.04479166666666667 0.08148148148148149
0 0.31666666666666665 0.2212962962962963 0.04791666666666666 0.07592592592592592
0 0.4114583333333333 0.17962962962962964 0.03958333333333333 0.05925925925925926
0 0.43906249999999997 0.1527777777777778 0.036458333333333336 0.053703703703703705
0 0.4578125 0.12222222222222223 0.034375 0.044444444444444446
2 0.8895833333333333 0.18055555555555555 0.04791666666666666 0.07592592592592592
