1 0.109375 0.5092592592592593 0.21666666666666667 0.41481481481481486
0 0.10729166666666666 0.8870370370370371 0.2125 0.22592592592592595
0 0.3807291666666667 0.5796296296296296 0.10520833333333333 0.18888888888888888
0 0.6286458333333333 0.5018518518518519 0.08645833333333333 0.13333333333333333
0 0.27291666666666664 0.5277777777777778 0.10625 0.17037037037037037
0 0.45677083333333335 0.33425925925925926 0.06770833333333333 0.09814814814814815
0 0.6145833333333334 0.19166666666666668 0.03958333333333333 0.053703703703703705
0 0.38958333333333334 0.3111111111111111 0.058333333333333334 0.0962962962962963
0 0.28802083333333334 0.3564814814814815 0.078125 0.11296296296296297
2 0.3890625 0.17962962962962964 0.03854166666666667 0.05925925925925926
1 0.4458333333333333 0.07222222222222223 0.035416666666666666 0.06666666666666667
0 0.44895833333333335 0.1675925925925926 0.0375 0.05740740740740741
