0 0.39479166666666665 0.7074074074074075 0.13541666666666666 0.3
0 0.9182291666666667 0.8537037037037037 0.16354166666666667 0.2925925925925926
2 0.48333333333333334 0.3277777777777778 0.08125 0.14444444444444446
0 0.6385416666666667 0.18333333333333335 0.04791666666666666 0.07777777777777778
0 0.4015625 0.2833333333333333 0.06145833333333333 0.10740740740740741
0 0.47552083333333334 0.17037037037037037 0.034375 0.06666666666666667
0 0.465625 0.10092592592592593 0.027083333333333334 0.04259259259259259
0 0.5026041666666666 0.1212962962962963 0.026041666666666668 0.04259259259259259
0 0.346875 0.1398148148148148 0.041666666666666664 0.06851851851851852
1 0.21197916666666666 0.3944444444444445 0.2864583333333333 0.4666666666666667
4 0.32447916666666665 0.09166666666666667 0.04479166666666667 0.061111111111111116
