0 0.632824427480916 0.8191489361702128 0.09618320610687023 0.07801418439716312
0 0.6961832061068702 0.6864235055724418 0.07633587786259542 0.04559270516717326
0 0.851145038167939 0.7107396149949342 0.0717557251908397 0.04559270516717326
2 0.9488549618320611 0.7943262411347518 0.10229007633587786 0.05876393110435664
2 0.8045801526717558 0.7588652482269505 0.09770992366412214 0.06281661600810537
3 0.7709923664122137 0.6317122593718338 0.05801526717557252 0.04356636271529889
3 0.8068702290076336 0.6651469098277609 0.06259541984732825 0.04356636271529889
2 0.49236641221374045 0.7016210739614995 0.0717557251908397 0.06180344478216819
0 0.5679389312977099 0.6595744680851064 0.11603053435114503 0.04255319148936171
0 0.4534351145038168 0.6484295845997974 0.05801526717557252 0.040526849037487336
