0 0.384375 0.8282172373081463 0.1078125 0.15466351829988192
0 0.6015625 0.7927981109799291 0.11406250000000001 0.14521841794569065
0 0.7816406250000001 0.7113341204250295 0.10703125000000001 0.13105076741440377
3 0.722265625 0.5053128689492326 0.11328125 0.1936245572609209
3 0.641796875 0.2756788665879575 0.047656250000000004 0.11452184179456906
0 0.39375000000000004 0.7190082644628099 0.10625000000000001 0.1345926800472255
0 0.5710937500000001 0.7190082644628099 0.0890625 0.12987012987012986
0 0.044921875 0.4716646989374262 0.07734375 0.09327036599763872
0 0.26171875 0.3837072018890201 0.053125000000000006 0.06139315230224321
0 0.5730468750000001 0.4752066115702479 0.06640625 0.08618654073199528
2 0.5261718750000001 0.2615112160566706 0.03359375 0.04604486422668241
2 0.392578125 0.6263282172373081 0.09765625 0.11688311688311688
