3 0.17333333333333334 0.7423857868020304 0.31 0.3426395939086294
3 0.3441666666666667 0.8236040609137055 0.275 0.3527918781725888
2 0.7658333333333334 0.6307106598984771 0.15166666666666667 0.19035532994923857
0 0.4691666666666667 0.6243654822335025 0.15833333333333335 0.17258883248730963
2 0.5091666666666667 0.39974619289340096 0.095 0.12944162436548223
3 0.24583333333333335 0.4302030456852792 0.095 0.149746192893401
0 0.6783333333333333 0.40862944162436543 0.09000000000000001 0.10152284263959391
2 0.5808333333333334 0.5228426395939086 0.13166666666666668 0.16243654822335024
2 0.8016666666666667 0.49999999999999994 0.12666666666666668 0.14213197969543145
0 0.39083333333333337 0.5177664974619289 0.10500000000000001 0.11675126903553298
