0 0.05364583333333333 0.5925925925925926 0.10520833333333333 0.13703703703703704
4 0.3734375 0.45 0.11145833333333333 0.10740740740740741
0 0.628125 0.5175925925925926 0.11041666666666666 0.13148148148148148
0 0.8276041666666667 0.600925925925926 0.10520833333333333 0.1537037037037037
2 0.80625 0.4342592592592593 0.06458333333333333 0.10185185185185186
0 0.2625 0.41203703703703703 0.09375 0.07962962962962963
2 0.40989583333333335 0.35000000000000003 0.071875 0.06666666666666667
2 0.9093749999999999 0.337037037037037 0.052083333333333336 0.07037037037037037
0 0.5255208333333333 0.30185185185185187 0.051041666666666666 0.040740740740740744
3 0.4088541666666667 0.3277777777777778 0.078125 0.05925925925925926
