4 0.16333333333333333 0.6716666666666667 0.26666666666666666 0.27666666666666667
4 0.17833333333333334 0.40166666666666667 0.11666666666666667 0.09000000000000001
4 0.5166666666666667 0.455 0.1 0.11
0 0.29833333333333334 0.8816666666666667 0.25 0.22333333333333336
0 0.4216666666666667 0.7300000000000001 0.17666666666666667 0.15333333333333335
0 0.8866666666666667 0.5816666666666667 0.12000000000000001 0.11666666666666667
2 0.7166666666666667 0.6283333333333334 0.12666666666666668 0.12333333333333334
0 0.44833333333333336 0.5333333333333333 0.11 0.09333333333333334
0 0.7516666666666667 0.5283333333333333 0.09666666666666668 0.07666666666666667
0 0.655 0.7733333333333334 0.15000000000000002 0.16
