1 0.6158333333333333 0.5361111111111111 0.11166666666666668 0.14555555555555555
1 0.6725000000000001 0.5316666666666666 0.13333333333333333 0.15
0 0.29250000000000004 0.8972222222222223 0.48833333333333334 0.20555555555555555
0 0.05333333333333334 0.7511111111111111 0.10500000000000001 0.2288888888888889
3 0.2025 0.485 0.030000000000000002 0.052222222222222225
3 0.4141666666666667 0.48944444444444446 0.035 0.04555555555555556
2 0.21750000000000003 0.78 0.315 0.3288888888888889
2 0.38625000000000004 0.7216666666666667 0.18416666666666667 0.22111111111111112
0 0.2554166666666667 0.4527777777777778 0.03916666666666667 0.03888888888888889
0 0.25958333333333333 0.4855555555555556 0.037500000000000006 0.044444444444444446
