0 0.09114583333333333 0.8907407407407407 0.18020833333333333 0.21851851851851853
0 0.425 0.4777777777777778 0.08958333333333333 0.14814814814814814
0 0.3296875 0.41574074074074074 0.08229166666666667 0.13518518518518519
0 0.43333333333333335 0.3037037037037037 0.06666666666666667 0.0962962962962963
2 0.4848958333333333 0.23240740740740742 0.053125 0.09444444444444444
4 0.45989583333333334 0.16944444444444445 0.059375 0.11666666666666667
1 0.3848958333333333 0.1712962962962963 0.06979166666666667 0.1537037037037037
1 0.9151041666666666 0.5398148148148149 0.16979166666666667 0.5425925925925926
0 0.3125 0.22592592592592595 0.052083333333333336 0.08148148148148149
2 0.8911458333333333 0.18611111111111112 0.051041666666666666 0.07222222222222223
