3 0.38273809523809527 0.44553571428571426 0.10357142857142858 0.1732142857142857
0 0.15476190476190477 0.9071428571428571 0.17142857142857143 0.18571428571428572
0 0.4696428571428572 0.9249999999999999 0.15833333333333335 0.15
0 0.4422619047619048 0.7294642857142857 0.11309523809523811 0.1232142857142857
2 0.7517857142857144 0.8848214285714285 0.16071428571428573 0.22678571428571428
2 0.7660714285714286 0.6026785714285714 0.11309523809523811 0.14464285714285713
4 0.655357142857143 0.6821428571428572 0.12261904761904763 0.17857142857142858
4 0.6863095238095239 0.3651785714285714 0.051190476190476196 0.07321428571428572
1 0.5488095238095239 0.30357142857142855 0.08095238095238096 0.11071428571428571
2 0.6202380952380953 0.49374999999999997 0.08333333333333334 0.1125
1 0.3869047619047619 0.24375 0.04047619047619048 0.06964285714285715
