0 0.5916666666666667 0.7268518518518519 0.14583333333333334 0.32407407407407407
0 0.0390625 0.5305555555555556 0.07604166666666666 0.18703703703703706
0 0.1515625 0.3509259259259259 0.09895833333333333 0.1277777777777778
4 0.43854166666666666 0.13055555555555556 0.0875 0.07592592592592592
0 0.8578125 0.16203703703703703 0.057291666666666664 0.07592592592592592
1 0.5145833333333333 0.16666666666666669 0.09583333333333333 0.1851851851851852
0 0.64375 0.14351851851851852 0.04583333333333333 0.06851851851851852
2 0.6208333333333333 0.08703703703703704 0.03958333333333333 0.05925925925925926
0 0.5791666666666666 0.1388888888888889 0.03958333333333333 0.06666666666666667
0 0.23645833333333333 0.2518518518518519 0.06458333333333333 0.08518518518518518
