0 0.13645833333333332 0.8583333333333334 0.20416666666666666 0.2833333333333333
0 0.6338541666666666 0.5259259259259259 0.090625 0.14074074074074075
0 0.3880208333333333 0.5574074074074075 0.10104166666666667 0.1814814814814815
0 0.2859375 0.5055555555555555 0.10520833333333333 0.14814814814814814
1 0.1125 0.5083333333333333 0.22291666666666665 0.40925925925925927
0 0.2911458333333333 0.35462962962962963 0.071875 0.10185185185185186
0 0.46041666666666664 0.32222222222222224 0.06458333333333333 0.10740740740740741
2 0.3885416666666667 0.17685185185185187 0.035416666666666666 0.05740740740740741
1 0.44687499999999997 0.07037037037037037 0.035416666666666666 0.05925925925925926
0 0.6151041666666667 0.1962962962962963 0.03854166666666667 0.05555555555555556
