0 0.368 0.9637681159420289 0.10400000000000001 0.07246376811594203
0 0.548 0.8880837359098228 0.088 0.06924315619967794
2 0.54 0.8091787439613527 0.1 0.06280193236714976
2 0.381 0.821256038647343 0.11 0.07729468599033816
3 0.56 0.23993558776167473 0.068 0.07407407407407407
3 0.767 0.08454106280193237 0.054 0.05314009661835749
2 0.36 0.6119162640901772 0.092 0.06763285024154589
0 0.399 0.42673107890499196 0.07 0.04508856682769726
0 0.516 0.4331723027375201 0.068 0.04186795491143317
0 0.512 0.6312399355877617 0.07200000000000001 0.05152979066022544
