0 0.05260416666666667 0.600925925925926 0.103125 0.13148148148148148
4 0.3619791666666667 0.4527777777777778 0.11145833333333333 0.10925925925925926
0 0.6588541666666666 0.4814814814814815 0.096875 0.11481481481481481
0 0.8416666666666667 0.5601851851851852 0.10625 0.1277777777777778
2 0.8135416666666666 0.41203703703703703 0.07083333333333333 0.10185185185185186
0 0.8265625 0.32685185185185184 0.051041666666666666 0.05740740740740741
2 0.9140625 0.3287037037037037 0.053125 0.06851851851851852
2 0.40729166666666666 0.3472222222222222 0.07291666666666667 0.061111111111111116
3 0.40989583333333335 0.32222222222222224 0.06979166666666667 0.05925925925925926
0 0.90625 0.287962962962963 0.041666666666666664 0.04259259259259259
0 0.5270833333333333 0.30185185185185187 0.04791666666666666 0.044444444444444446
