0 0.6380208333333334 0.1814814814814815 0.046875 0.07407407407407407
0 0.9125 0.8416666666666667 0.175 0.31666666666666665
0 0.39010416666666664 0.7435185185185186 0.13645833333333332 0.3277777777777778
2 0.47812499999999997 0.3351851851851852 0.07916666666666666 0.14074074074074075
0 0.4 0.2925925925925926 0.06041666666666667 0.11851851851851852
0 0.4765625 0.17314814814814816 0.036458333333333336 0.07222222222222223
0 0.5026041666666666 0.1212962962962963 0.028125 0.053703703703703705
0 0.46458333333333335 0.10277777777777779 0.025 0.04259259259259259
4 0.325 0.08981481481481482 0.04375 0.06481481481481481
1 0.21197916666666666 0.3925925925925926 0.28854166666666664 0.45555555555555555
