0 0.29931640625 0.9012158054711247 0.2587890625 0.19756838905775076
0 0.88720703125 0.9012158054711247 0.1962890625 0.19756838905775076
4 0.16162109375 0.6930091185410335 0.2666015625 0.2877406281661601
4 0.5185546875 0.47973657548125637 0.1015625 0.1286727456940223
1 0.5224609375 0.3941236068895644 0.091796875 0.05876393110435664
2 0.62890625 0.441742654508612 0.068359375 0.05876393110435664
2 0.69287109375 0.45542046605876396 0.0673828125 0.06990881458966566
3 0.78515625 0.40374873353596763 0.05078125 0.053698074974670724
3 0.931640625 0.4012158054711246 0.041015625 0.05268490374873354
0 0.71435546875 0.6479229989868288 0.1279296875 0.1286727456940223
