4 0.21197916666666666 0.6203703703703703 0.234375 0.42592592592592593
1 0.16302083333333334 0.3925925925925926 0.290625 0.3592592592592593
0 0.4510416666666667 0.30833333333333335 0.06875 0.09814814814814815
0 0.4630208333333333 0.23148148148148148 0.053125 0.08518518518518518
0 0.3151041666666667 0.21851851851851853 0.053125 0.07777777777777778
2 0.428125 0.19722222222222224 0.04375 0.07962962962962963
0 0.4125 0.18055555555555555 0.041666666666666664 0.061111111111111116
0 0.44166666666666665 0.15462962962962964 0.0375 0.0462962962962963
0 0.45677083333333335 0.12222222222222223 0.03229166666666666 0.044444444444444446
2 0.8885416666666667 0.1787037037037037 0.05 0.07592592592592592
1 0.9145833333333333 0.5324074074074074 0.17083333333333334 0.5388888888888889
