0 0.595 0.8400402414486923 0.10142857142857142 0.15090543259557346
0 0.7257142857142858 0.7917505030181087 0.10571428571428572 0.11871227364185112
4 0.039285714285714285 0.6871227364185111 0.07571428571428572 0.12273641851106641
0 0.2757142857142857 0.5543259557344065 0.05142857142857143 0.06639839034205232
0 0.6492857142857142 0.6277665995975855 0.06428571428571428 0.06841046277665996
2 0.56 0.6016096579476862 0.05714285714285714 0.06841046277665996
3 0.53 0.45674044265593566 0.02857142857142857 0.044265593561368215
0 0.35928571428571426 0.7344064386317908 0.09285714285714286 0.12877263581488935
0 0.2357142857142857 0.7344064386317908 0.10285714285714286 0.12474849094567406
0 0.40785714285714286 0.6388329979879276 0.06142857142857143 0.07847082494969819
