0 0.0375 0.5361111111111111 0.07291666666666667 0.1685185185185185
0 0.15 0.362962962962963 0.09583333333333333 0.12222222222222223
0 0.609375 0.32592592592592595 0.07291666666666667 0.11851851851851852
2 0.7119791666666666 0.2990740740740741 0.08229166666666667 0.1462962962962963
0 0.8312499999999999 0.6222222222222222 0.15 0.2740740740740741
1 0.471875 0.3490740740740741 0.15 0.3611111111111111
3 0.47291666666666665 0.14351851851851852 0.08958333333333333 0.07592592592592592
0 0.5833333333333334 0.1953703703703704 0.05 0.07962962962962963
0 0.5697916666666667 0.14351851851851852 0.03958333333333333 0.061111111111111116
0 0.23333333333333334 0.26203703703703707 0.06666666666666667 0.08703703703703704
