0 0.0515625 0.6027777777777777 0.10104166666666667 0.1425925925925926
0 0.8453125 0.5518518518518519 0.10104166666666667 0.11851851851851852
0 0.6666666666666666 0.47500000000000003 0.09583333333333333 0.11666666666666667
2 0.8156249999999999 0.40925925925925927 0.06875 0.0962962962962963
0 0.8291666666666666 0.32592592592592595 0.05 0.05555555555555556
2 0.9161458333333333 0.32685185185185184 0.05520833333333333 0.05740740740740741
0 0.9072916666666666 0.2916666666666667 0.0375 0.0462962962962963
4 0.35833333333333334 0.4527777777777778 0.11458333333333333 0.10925925925925926
0 0.26145833333333335 0.41203703703703703 0.09375 0.07962962962962963
0 0.40729166666666666 0.35000000000000003 0.07291666666666667 0.07037037037037037
3 0.4119791666666667 0.3231481481481482 0.07604166666666666 0.061111111111111116
