0 0.43738977072310403 0.535377358490566 0.042328042328042326 0.04245283018867924
0 0.47619047619047616 0.6191037735849056 0.04938271604938271 0.04481132075471698
1 0.7874779541446207 0.5424528301886792 0.07936507936507936 0.08962264150943396
3 0.8033509700176367 0.8938679245283019 0.06525573192239859 0.08018867924528301
2 0.7345679012345678 0.8997641509433962 0.06172839506172839 0.06367924528301887
0 0.5793650793650793 0.6733490566037735 0.05114638447971781 0.04952830188679245
3 0.6393298059964726 0.3089622641509434 0.09700176366843033 0.05660377358490566
1 0.6181657848324514 0.2841981132075472 0.1146384479717813 0.06367924528301887
2 0.9056437389770723 0.8643867924528301 0.06525573192239859 0.07311320754716981
0 0.6366843033509699 0.6214622641509434 0.042328042328042326 0.04481132075471698
