1 0.66748046875 0.8473227206946454 0.1318359375 0.24167872648335745
1 0.5947265625 0.7163531114327062 0.068359375 0.11866859623733718
3 0.7529296875 0.7206946454413893 0.107421875 0.18234442836468884
1 0.68994140625 0.675108538350217 0.0576171875 0.11432706222865412
0 0.3623046875 0.7879884225759768 0.048828125 0.05354558610709117
1 0.603515625 0.5622286541244572 0.025390625 0.03907380607814761
2 0.8662109375 0.7452966714905933 0.0546875 0.06367583212735166
3 0.8720703125 0.695369030390738 0.056640625 0.08248914616497828
0 0.951171875 0.6931982633863965 0.044921875 0.04630969609261939
0 0.40087890625 0.9348769898697539 0.0654296875 0.08104196816208394
