3 0.1787109375 0.5592972181551976 0.17578125 0.21961932650073207
2 0.66748046875 0.8477306002928258 0.1982421875 0.26061493411420206
0 0.390625 0.7027818448023426 0.15625 0.19912152269399708
0 0.44677734375 0.5995607613469985 0.1416015625 0.1683748169838946
2 0.724609375 0.6427525622254758 0.19921875 0.2518301610541728
0 0.525390625 0.45314787701317716 0.125 0.13323572474377746
2 0.56494140625 0.3850658857979502 0.1220703125 0.1581259150805271
0 0.771484375 0.47218155197657397 0.12109375 0.1390922401171303
0 0.25634765625 0.2525622254758419 0.0849609375 0.09224011713030747
2 0.66259765625 0.2240117130307467 0.1083984375 0.14641288433382138
