0 0.6145833333333334 0.1925925925925926 0.041666666666666664 0.05185185185185186
0 0.6322916666666667 0.513888888888889 0.09166666666666666 0.13148148148148148
0 0.12447916666666667 0.8703703703703703 0.203125 0.25925925925925924
0 0.3854166666666667 0.5592592592592592 0.10416666666666667 0.1814814814814815
0 0.28229166666666666 0.5111111111111112 0.10208333333333333 0.15185185185185185
1 0.11145833333333333 0.4962962962962963 0.22083333333333333 0.4
0 0.28854166666666664 0.35555555555555557 0.06875 0.10740740740740741
0 0.45989583333333334 0.32685185185185184 0.065625 0.10185185185185186
2 0.38958333333333334 0.1787037037037037 0.0375 0.061111111111111116
0 0.4453125 0.06759259259259259 0.036458333333333336 0.06481481481481481
1 0.4453125 0.06759259259259259 0.036458333333333336 0.06481481481481481
