0 0.09635416666666667 0.8694444444444445 0.190625 0.2611111111111111
0 0.4265625 0.46574074074074073 0.090625 0.1574074074074074
0 0.33229166666666665 0.41111111111111115 0.08125 0.14074074074074075
0 0.43385416666666665 0.2972222222222222 0.065625 0.10925925925925926
2 0.4848958333333333 0.2240740740740741 0.053125 0.08518518518518518
4 0.459375 0.1638888888888889 0.0625 0.11296296296296297
0 0.3109375 0.22685185185185186 0.053125 0.07962962962962963
1 0.384375 0.17222222222222222 0.07083333333333333 0.15185185185185185
1 0.9145833333333333 0.5435185185185185 0.17083333333333334 0.5462962962962963
2 0.8916666666666666 0.18425925925925926 0.05 0.06851851851851852
