0 0.09322916666666667 0.8787037037037038 0.184375 0.2425925925925926
0 0.3307291666666667 0.41111111111111115 0.08020833333333333 0.13333333333333333
0 0.425 0.4740740740740741 0.0875 0.15555555555555556
0 0.4322916666666667 0.2962962962962963 0.06666666666666667 0.10370370370370371
2 0.4848958333333333 0.22777777777777777 0.053125 0.0962962962962963
0 0.14791666666666667 0.2638888888888889 0.10833333333333334 0.07962962962962963
0 0.3130208333333333 0.2240740740740741 0.051041666666666666 0.07407407407407407
1 0.38645833333333335 0.17314814814814816 0.06666666666666667 0.16111111111111112
4 0.459375 0.16574074074074074 0.058333333333333334 0.11666666666666667
1 0.9145833333333333 0.5370370370370371 0.17083333333333334 0.5333333333333333
2 0.8901041666666667 0.18425925925925926 0.04895833333333333 0.07222222222222223
