1 0.3118181818181818 0.7881899871630295 0.4127272727272727 0.2747111681643132
1 0.5236363636363637 0.689987163029525 0.23636363636363636 0.165596919127086
4 0.22272727272727272 0.5783055198973042 0.12181818181818181 0.050064184852374835
4 0.8272727272727273 0.8100128369704749 0.13090909090909092 0.12066752246469832
4 0.6572727272727272 0.7394094993581515 0.1290909090909091 0.09756097560975609
0 0.7381818181818182 0.9030808729139922 0.18545454545454546 0.11168164313222079
4 0.7681818181818182 0.6604621309370988 0.08181818181818182 0.06290115532734274
0 0.6509090909090909 0.8286264441591784 0.16 0.08087291399229782
0 0.48 0.9184852374839537 0.20727272727272728 0.12195121951219512
4 0.8090909090909091 0.6264441591784339 0.08363636363636363 0.05905006418485237
