0 0.05364583333333333 0.5990740740740741 0.10520833333333333 0.13518518518518519
4 0.36875 0.45 0.11041666666666666 0.10740740740740741
0 0.26145833333333335 0.41203703703703703 0.09791666666666667 0.07962962962962963
0 0.6442708333333333 0.49444444444444446 0.103125 0.11851851851851852
0 0.8348958333333333 0.5750000000000001 0.10729166666666666 0.1277777777777778
2 0.809375 0.4203703703703704 0.06875 0.0962962962962963
2 0.40781249999999997 0.34814814814814815 0.071875 0.06666666666666667
3 0.4119791666666667 0.32407407407407407 0.078125 0.05555555555555556
0 0.8208333333333333 0.33055555555555555 0.05 0.05740740740740741
2 0.9109375 0.32962962962962966 0.053125 0.06296296296296297
