3 0.074 0.797153024911032 0.14400000000000002 0.31316725978647686
3 0.748 0.3594306049822064 0.088 0.14234875444839856
0 0.28300000000000003 0.893238434163701 0.162 0.21352313167259784
0 0.342 0.6049822064056939 0.12 0.1708185053380783
2 0.852 0.8629893238434163 0.20400000000000001 0.27402135231316727
2 0.8240000000000001 0.3309608540925267 0.076 0.09252669039145907
1 0.602 0.08007117437722419 0.032 0.060498220640569395
3 0.6 0.3042704626334519 0.064 0.11743772241992882
3 0.736 0.2384341637010676 0.064 0.09252669039145907
0 0.512 0.695729537366548 0.124 0.19572953736654802
