0 0.0546875 0.5981481481481482 0.10729166666666666 0.14074074074074075
4 0.37083333333333335 0.45 0.1125 0.10740740740740741
0 0.6369791666666667 0.5074074074074074 0.10729166666666666 0.11851851851851852
0 0.8312499999999999 0.5907407407407408 0.10833333333333334 0.14444444444444446
2 0.8052083333333333 0.42592592592592593 0.06875 0.10370370370370371
2 0.9098958333333333 0.3351851851851852 0.05520833333333333 0.06666666666666667
0 0.8182291666666667 0.33425925925925926 0.053125 0.061111111111111116
0 0.9052083333333333 0.2925925925925926 0.03958333333333333 0.037037037037037035
2 0.40781249999999997 0.34814814814814815 0.07395833333333333 0.05925925925925926
0 0.2625 0.41203703703703703 0.09583333333333333 0.07962962962962963
3 0.4114583333333333 0.3231481481481482 0.075 0.05740740740740741
