0 0.1225 0.9550000000000001 0.24 0.09000000000000001
0 0.15375 0.8650000000000001 0.23750000000000002 0.11666666666666667
4 0.7175 0.9508333333333334 0.4 0.09833333333333334
1 0.6012500000000001 0.4841666666666667 0.1075 0.07166666666666667
4 0.24875 0.5933333333333334 0.0975 0.07333333333333333
4 0.40875 0.48583333333333334 0.08750000000000001 0.04833333333333334
3 0.3 0.5158333333333334 0.08 0.04833333333333334
2 0.47750000000000004 0.6125 0.12 0.065
2 0.3125 0.42250000000000004 0.07 0.04166666666666667
0 0.63125 0.6050000000000001 0.0975 0.060000000000000005
