0 0.48095703125 0.7543988269794721 0.3623046875 0.32111436950146627
3 0.4306640625 0.12463343108504399 0.2265625 0.1935483870967742
2 0.5615234375 0.1693548387096774 0.09765625 0.1187683284457478
0 0.7216796875 0.7074780058651027 0.28125 0.27126099706744866
2 0.599609375 0.3819648093841642 0.13671875 0.1744868035190616
0 0.15771484375 0.8086510263929618 0.3134765625 0.38269794721407624
0 0.81640625 0.32991202346041054 0.123046875 0.12023460410557185
4 0.04833984375 0.2859237536656892 0.0947265625 0.15249266862170088
0 0.3291015625 0.3658357771260997 0.119140625 0.1217008797653959
0 0.45361328125 0.4318181818181818 0.1376953125 0.14516129032258066
