0 0.08854166666666667 0.8962962962962964 0.175 0.20740740740740743
0 0.42291666666666666 0.48333333333333334 0.09791666666666667 0.15185185185185185
0 0.32760416666666664 0.41574074074074074 0.08020833333333333 0.13518518518518519
0 0.4317708333333333 0.30185185185185187 0.065625 0.11481481481481481
2 0.484375 0.23240740740740742 0.052083333333333336 0.09444444444444444
0 0.15104166666666666 0.26851851851851855 0.10625 0.07777777777777778
0 0.31197916666666664 0.22685185185185186 0.05520833333333333 0.07962962962962963
1 0.384375 0.1712962962962963 0.07083333333333333 0.1537037037037037
4 0.459375 0.16666666666666669 0.058333333333333334 0.11481481481481481
1 0.915625 0.5527777777777778 0.16875 0.5648148148148149
2 0.8921875 0.18425925925925926 0.04895833333333333 0.07222222222222223
