0 0.0390625 0.5425925925925926 0.07604166666666666 0.18888888888888888
0 0.15104166666666666 0.3611111111111111 0.09583333333333333 0.12222222222222223
0 0.8479166666666667 0.6546296296296297 0.16458333333333333 0.29444444444444445
0 0.6088541666666667 0.33796296296296297 0.078125 0.1277777777777778
2 0.7182291666666667 0.30648148148148147 0.08854166666666667 0.1462962962962963
1 0.47031249999999997 0.3490740740740741 0.153125 0.3611111111111111
3 0.475 0.14351851851851852 0.0875 0.07222222222222223
0 0.234375 0.2638888888888889 0.07291666666666667 0.09074074074074075
0 0.5848958333333333 0.19814814814814816 0.051041666666666666 0.08888888888888889
0 0.5708333333333333 0.14722222222222223 0.04375 0.061111111111111116
