0 0.03697916666666667 0.5370370370370371 0.071875 0.17777777777777778
0 0.15052083333333333 0.36203703703703705 0.09479166666666666 0.13148148148148148
0 0.6057291666666667 0.3231481481481482 0.071875 0.12407407407407407
2 0.709375 0.2925925925925926 0.08333333333333333 0.14444444444444446
0 0.8229166666666666 0.5953703703703704 0.14375 0.2574074074074074
1 0.4708333333333333 0.33981481481481485 0.15 0.35000000000000003
4 0.47291666666666665 0.1398148148148148 0.0875 0.07222222222222223
0 0.5828125 0.19166666666666668 0.04895833333333333 0.08333333333333334
0 0.5697916666666667 0.14166666666666666 0.041666666666666664 0.05740740740740741
0 0.234375 0.26203703703703707 0.06666666666666667 0.08703703703703704
