3 0.3836363636363636 0.7168367346938775 0.3054545454545455 0.5255102040816326
4 0.2 0.21811224489795916 0.2109090909090909 0.16581632653061223
3 0.5927272727272728 0.548469387755102 0.13090909090909092 0.23979591836734693
0 0.8818181818181818 0.6466836734693877 0.15272727272727274 0.20663265306122447
0 0.6972727272727273 0.6364795918367346 0.15454545454545454 0.18622448979591835
2 0.7618181818181818 0.4553571428571428 0.11636363636363636 0.17602040816326528
2 0.4536363636363636 0.29974489795918363 0.07454545454545454 0.09438775510204081
0 0.6163636363636363 0.3252551020408163 0.08363636363636363 0.08418367346938775
0 0.75 0.3112244897959183 0.07090909090909091 0.08163265306122448
3 0.7390909090909091 0.15178571428571427 0.056363636363636366 0.07908163265306122
